Method Name         R Steps Count  R Step Size T Steps Count  T Step Size Sum Inaccuracy      Max Inaccuracy      Sum Inaccuracy (2nd Column)   Max Inaccuracy (2nd Column)   Sum Inaccuracy (Middle Col)   Max Inaccuracy (Middle Col)   Sum Inaccuracy (Last Col)     Max Inaccuracy (Last Col)     Main matrix build time (us)             Integration time (us)                   
--------------------------------------------------------------------------------------------------------------------------------------------------------------------------------------------------------------------------------------------------------------------
Euler Explicit      5              1.8         100            0.01        343.042002          1.694862            0.401587                      0.164800                      3.743461                      1.602022                      3.909931                      1.694862                      8.760000                                13.290000                               
Euler Implicit      5              1.8000      100            0.0100      339.059266          1.694416            0.357131                      0.147456                      3.727770                      1.594228                      3.909290                      1.694416                      6.780000                                16.370000                               
RKF Method          5              1.8000      100            0.0100      341.266773          1.697999            0.377149                      0.155657                      3.739494                      1.602946                      3.913387                      1.697999                      7.250000                                24.640000                               
----------
Euler Explicit      5              1.8000      500            0.0020      1699.392861         1.694696            0.080317                      0.032960                      3.737519                      1.598994                      3.909698                      1.694696                      5.660000                                8.608000                                
Euler Implicit      5              1.8000      500            0.0020      1695.408587         1.694607            0.078354                      0.032192                      3.734377                      1.597434                      3.909570                      1.694607                      6.992000                                17.122000                               
RKF Method          5              1.8000      500            0.0020      1697.645614         1.695316            0.079305                      0.032580                      3.736663                      1.599156                      3.910380                      1.695316                      7.984000                                27.156000                               
----------
Euler Explicit      5              1.8000      1000           0.0010      3394.836321         1.694674            0.040159                      0.016480                      3.736744                      1.598607                      3.909667                      1.694674                      8.335000                                12.005000                               
Euler Implicit      5              1.8000      1000           0.0010      3390.852365         1.694629            0.039661                      0.016285                      3.735173                      1.597827                      3.909603                      1.694629                      6.941000                                17.288000                               
RKF Method          5              1.8000      1000           0.0010      3393.092611         1.694984            0.039904                      0.016385                      3.736312                      1.598686                      3.910007                      1.694984                      6.417000                                23.265000                               
----------
Euler Explicit      5              1.8000      2000           0.0005      6785.724514         1.694663            0.020079                      0.008240                      3.736354                      1.598412                      3.909651                      1.694663                      6.299500                                9.497500                                
Euler Implicit      5              1.8000      2000           0.0005      6781.740565         1.694641            0.019954                      0.008191                      3.735568                      1.598022                      3.909619                      1.694641                      6.319500                                16.401000                               
RKF Method          5              1.8000      2000           0.0005      6783.982726         1.694818            0.020016                      0.008216                      3.736137                      1.598452                      3.909821                      1.694818                      6.552500                                23.905000                               
----------
Euler Explicit      5              1.8000      5000           0.0002      16958.390356        1.694656            0.008032                      0.003296                      3.736119                      1.598296                      3.909641                      1.694656                      7.553200                                11.197400                               
Euler Implicit      5              1.8000      5000           0.0002      16954.406431        1.694647            0.008012                      0.003288                      3.735805                      1.598140                      3.909628                      1.694647                      7.502200                                19.066400                               
RKF Method          5              1.8000      5000           0.0002      16956.649595        1.694718            0.008022                      0.003292                      3.736032                      1.598311                      3.909709                      1.694718                      7.929000                                27.223400                               
----------
Euler Explicit      5              1.8000      10000          0.0001      33912.833671        1.694654            0.004016                      0.001648                      3.736040                      1.598257                      3.909638                      1.694654                      7.519300                                11.127800                               
Euler Implicit      5              1.8000      10000          0.0001      33908.849737        1.694650            0.004011                      0.001646                      3.735883                      1.598179                      3.909632                      1.694650                      6.905700                                17.581300                               
RKF Method          5              1.8000      10000          0.0001      33911.093294        1.694685            0.004013                      0.001647                      3.735997                      1.598264                      3.909672                      1.694685                      7.805000                                26.846300                               
----------
--------------------------------------------------
Euler Explicit      10             0.9000      100            0.0100      678.426109          1.336723            0.474235                      0.153697                      7.598510                      1.187775                      8.787756                      1.336723                      13.130000                               23.440000                               
Euler Implicit      10             0.9000      100            0.0100      411.088678          1.842587            0.283098                      0.154319                      4.655296                      1.732315                      5.015686                      1.842587                      14.190000                               39.520000                               
RKF Method          10             0.9000      100            0.0100      672.400935          1.329143            0.446566                      0.141543                      7.535877                      1.189102                      8.744783                      1.329143                      14.240000                               43.770000                               
----------
Euler Explicit      10             0.9000      500            0.0020      3358.258138         1.334626            0.094847                      0.030739                      7.566208                      1.185465                      8.776154                      1.334626                      13.294000                               23.686000                               
Euler Implicit      10             0.9000      500            0.0020      2055.596360         1.843590            0.063656                      0.034403                      4.673839                      1.737232                      5.018050                      1.843590                      13.250000                               38.586000                               
RKF Method          10             0.9000      500            0.0020      3352.306232         1.333111            0.093680                      0.030223                      7.553716                      1.185717                      8.767564                      1.333111                      13.570000                               39.808000                               
----------
Euler Explicit      10             0.9000      1000           0.0010      6708.077704         1.334363            0.047424                      0.015370                      7.562182                      1.185172                      8.774696                      1.334363                      16.042000                               27.292000                               
Euler Implicit      10             0.9000      1000           0.0010      4111.245777         1.843714            0.032353                      0.017465                      4.676151                      1.737844                      5.018335                      1.843714                      15.000000                               42.936000                               
RKF Method          10             0.9000      1000           0.0010      6702.134973         1.333605            0.047130                      0.015240                      7.555939                      1.185296                      8.770402                      1.333605                      13.364000                               40.976000                               
----------
Euler Explicit      10             0.9000      2000           0.0005      13407.722037        1.334231            0.023712                      0.007685                      7.560170                      1.185024                      8.773967                      1.334231                      13.803500                               24.328500                               
Euler Implicit      10             0.9000      2000           0.0005      8222.548033         1.843775            0.016312                      0.008800                      4.677307                      1.738150                      5.018476                      1.843775                      13.773500                               40.462000                               
RKF Method          10             0.9000      2000           0.0005      13401.783388        1.333852            0.023638                      0.007652                      7.557049                      1.185086                      8.771820                      1.333852                      14.104000                               42.649500                               
----------
Euler Explicit      10             0.9000      5000           0.0002      33506.658156        1.334152            0.009485                      0.003074                      7.558963                      1.184936                      8.773529                      1.334152                      13.372800                               23.868800                               
Euler Implicit      10             0.9000      5000           0.0002      20556.456834        1.843812            0.006558                      0.003537                      4.678000                      1.738334                      5.018561                      1.843812                      13.214800                               38.901200                               
RKF Method          10             0.9000      5000           0.0002      33500.722316        1.334000            0.009473                      0.003069                      7.557715                      1.184960                      8.772670                      1.334000                      13.231400                               40.505600                               
----------
Euler Explicit      10             0.9000      10000          0.0001      67004.886355        1.334125            0.004742                      0.001537                      7.558561                      1.184906                      8.773383                      1.334125                      13.380500                               23.919300                               
Euler Implicit      10             0.9000      10000          0.0001      41112.972107        1.843824            0.003284                      0.001771                      4.678231                      1.738395                      5.018589                      1.843824                      13.507800                               39.750400                               
RKF Method          10             0.9000      10000          0.0001      66998.951407        1.334049            0.004739                      0.001536                      7.557937                      1.184918                      8.772953                      1.334049                      12.813100                               39.202400                               
----------
--------------------------------------------------
Euler Explicit      20             0.4500      100            0.0100      340250530663111.8750005726196832547.072266125.942341                    10.843709                     180851959.692437              13319657.388232               77749284690421.421875         5726196832547.072266          24.490000                               68.820000                               
Euler Implicit      20             0.4500      100            0.0100      523.799861          1.992267            0.217755                      0.150141                      5.787155                      1.728287                      7.712540                      1.992267                      26.180000                               105.540000                              
RKF Method          20             0.4500      100            0.0100      11958962354092744.000000225777127109364.875000146.497161                    11.625572                     1135605999.394705             83636825.966492               3065561776086851.000000       225777127109364.875000        25.530000                               106.090000                              
----------
Euler Explicit      20             0.4500      500            0.0020      508420097175488448.0000002251290113589803.25000026.251507                     2.210910                      3508261357.787815             250401256.974936              31541831198134752.000000      2251290113589803.250000       27.234000                               72.892000                               
Euler Implicit      20             0.4500      500            0.0020      2616.306786         1.994670            0.045763                      0.035002                      5.816185                      1.733775                      7.730708                      1.994670                      29.362000                               118.298000                              
RKF Method          20             0.4500      500            0.0020      1405136202753974272.0000006418873777697646.00000027.131487                     2.243352                      5923863155.348649             422814215.848229              89932004745241152.000000      6418873777697646.000000       26.548000                               108.568000                              
----------
Euler Explicit      20             0.4500      1000           0.0010      317618285560414784.000000698513387294614.25000012.846006                     1.094358                      1974853149.260941             143191230.352433              9633700096867320.000000       698513387294614.250000        25.374000                               68.635000                               
Euler Implicit      20             0.4500      1000           0.0010      5231.961026         1.994970            0.022999                      0.017918                      5.819848                      1.734461                      7.732984                      1.994970                      24.324000                               100.240000                              
RKF Method          20             0.4500      1000           0.0010      505168623586257408.0000001127995840919222.25000013.048160                     1.101337                      2509579042.181264             181962750.223210              15557001253787174.000000      1127995840919222.250000       25.665000                               105.694000                              
----------
Euler Explicit      20             0.4500      2000           0.0005      338026028265579328.000000369654023158604.5000006.353066                      0.544405                      1445372864.249610             105694147.662801              5055037625185748.000000       369654023158604.500000        24.984000                               66.841500                               
Euler Implicit      20             0.4500      2000           0.0005      10463.273519        1.995120            0.011584                      0.009070                      5.821683                      1.734805                      7.734122                      1.995120                      24.969000                               100.080500                              
RKF Method          20             0.4500      2000           0.0005      421496199823526272.000000464397878379099.9375006.401466                      0.546013                      1620045218.549437             118467215.499156              6350664678835480.000000       464397878379099.937500        30.826000                               114.368500                              
----------
Euler Explicit      20             0.4500      5000           0.0002      569221117925952384.000000247977615350418.5312502.524442                      0.217096                      1188507353.258469             87374371.419950               3373108288228346.500000       247977615350418.531250        24.399600                               67.281600                               
Euler Implicit      20             0.4500      5000           0.0002      26157.214239        1.995209            0.004686                      0.003655                      5.822784                      1.735011                      7.734806                      1.995209                      25.323000                               102.894000                              
RKF Method          20             0.4500      5000           0.0002      620044506435533824.000000270920423114309.0000002.531985                      0.217341                      1242271278.240113             91326883.100536               3685187162421295.500000       270920423114309.000000        26.112800                               106.009400                              
----------
Euler Explicit      20             0.4500      10000          0.0001      995105478474312704.000000216431067069947.6562501.259423                      0.108437                      1111861744.919628             81888073.222952               2938662630984453.000000       216431067069947.656250        24.960200                               67.058000                               
Euler Implicit      20             0.4500      10000          0.0001      52313.783110        1.995239            0.002352                      0.001832                      5.823152                      1.735079                      7.735033                      1.995239                      25.767700                               103.604500                              
RKF Method          20             0.4500      10000          0.0001      1038101058387220992.000000226116125532927.2500001.261293                      0.108497                      1136466725.508344             83700218.022444               3070164636539243.000000       226116125532927.250000        26.909400                               104.803300                              
----------
--------------------------------------------------
Euler Explicit      50             0.1800      100            0.0100      nan                 inf                 1918955504264116.500000       79504916778503.671875         45085673642966269219849525597939977754757634498971339427257018882207751228316326093686422924194260639262742935810498190885319255944270082697340671674097225695451542845565786951005895442857111626403921121608670177655041159386087172460978473340633996517023639329350639635152279496032256.0000001866885328462206557299542126708595899786256153438865044251961320418283634243866574819458049261333264585682658848651261172530684732150763409367943115503786483980918880044051101940234682674076501836299391835164100984458792092612579589887288213199118665306796357154256187775365844828160.000000nan                           0.000000                      57.290000                               335.910000                              
Euler Implicit      50             0.1800      100            0.0100      1779.162429         2.045175            0.455950                      0.132709                      18.540047                     1.566239                      31.523811                     2.045175                      58.650000                               454.180000                              
RKF Method          50             0.1800      100            0.0100      nan                 184333981447636116296607469849230064441723314002360647382717478613920881438240155504061329704359418702160599295037211351467155436377603427814838340140106724831917387285094013241929550854634597543341326204750056203574902009022844028852820077803101828571385288640387150048235952998125426650462027776.00000089934995208565283467821056.0000003685822177997799865450496.000000nan                           0.000000                      nan                           0.000000                      60.500000                               492.260000                              
----------
Euler Explicit      50             0.1800      500            0.0020      nan                 inf                 383791100852823.625000        15900983355700.736328         nan                           0.000000                      nan                           0.000000                      60.704000                               352.112000                              
Euler Implicit      50             0.1800      500            0.0020      8852.101114         2.048248            0.092234                      0.033973                      18.582464                     1.570681                      31.580645                     2.048248                      65.908000                               504.142000                              
RKF Method          50             0.1800      500            0.0020      nan                 inf                 395109163100061650911232.00000016305416241052987162624.000000nan                           0.000000                      nan                           0.000000                      67.178000                               549.314000                              
----------
Euler Explicit      50             0.1800      1000           0.0010      nan                 inf                 191895550426411.812500        7950491677850.368164          nan                           0.000000                      nan                           0.000000                      59.524000                               344.234000                              
Euler Implicit      50             0.1800      1000           0.0010      17693.243607        2.048632            0.046194                      0.017785                      18.587786                     1.571237                      31.587769                     2.048632                      65.761000                               470.738000                              
RKF Method          50             0.1800      1000           0.0010      nan                 inf                 44320351798357468905472.0000001832221392368110403584.000000 nan                           0.000000                      nan                           0.000000                      65.855000                               514.289000                              
----------
Euler Explicit      50             0.1800      2000           0.0005      nan                 0.000670            nan                           0.000670                      nan                           0.000000                      nan                           0.000000                      60.377500                               286.196000                              
Euler Implicit      50             0.1800      2000           0.0005      35375.523433        2.048824            0.023117                      0.009121                      18.590448                     1.571515                      31.591333                     2.048824                      62.198500                               412.102000                              
RKF Method          50             0.1800      2000           0.0005      nan                 0.000000            nan                           0.000000                      nan                           0.000000                      nan                           0.000000                      63.170500                               454.829000                              
----------
Euler Explicit      50             0.1800      5000           0.0002      nan                 0.025093            nan                           0.025093                      nan                           0.000000                      nan                           0.000000                      65.710000                               356.166000                              
Euler Implicit      50             0.1800      5000           0.0002      88422.358778        2.048939            0.009252                      0.003708                      18.592046                     1.571682                      31.593472                     2.048939                      62.066000                               462.346200                              
RKF Method          50             0.1800      5000           0.0002      nan                 0.000000            nan                           0.000000                      nan                           0.000000                      nan                           0.000000                      60.762200                               495.488000                              
----------
Euler Explicit      50             0.1800      10000          0.0001      nan                 0.007598            nan                           0.007598                      nan                           0.000000                      nan                           0.000000                      58.974500                               339.598000                              
Euler Implicit      50             0.1800      10000          0.0001      176833.749643       2.048978            0.004627                      0.001864                      18.592579                     1.571738                      31.594185                     2.048978                      63.395400                               486.461900                              
RKF Method          50             0.1800      10000          0.0001      nan                 0.000000            nan                           0.000000                      nan                           0.000000                      nan                           0.000000                      64.003900                               507.817800                              
----------
--------------------------------------------------
Euler Explicit      100            0.0900      100            0.0100      127085233926810343084074862537403163794785435648.00000011961134315787524177149606132570516399801237504.000000517.458989                    5.309460                      7690447009159639465984.000000 833162557292081971200.000000  87110691869288247614836255759467725752484495360.00000011961134315787524177149606132570516399801237504.000000125.200000                              1316.570000                             
Euler Implicit      100            0.0900      100            0.0100      4217.510161         1.960776            0.952072                      0.114237                      42.936883                     1.385209                      78.845512                     1.960776                      129.340000                              1627.080000                             
RKF Method          100            0.0900      100            0.0100      2288080759161484897793252326756017137402761653233990686781891020500924104704.000000266081891503891797485975701621613538677717232912402603884751268606776442880.000000649.575291                    6.667522                      974006751897971186872274587918270464.000000135429054522496763210589420342214656.0000001913447970419708508168817024345072485973716490109016429272801096581643239424.000000266081891503891797485975701621613538677717232912402603884751268606776442880.000000119.840000                              1848.610000                             
----------
Euler Explicit      100            0.0900      500            0.0020      21485.524952        1.964716            0.196673                      0.037748                      44.085179                     1.390189                      80.899392                     1.964716                      119.470000                              1529.630000                             
Euler Implicit      100            0.0900      500            0.0020      20955.788734        1.963401            0.191479                      0.031883                      42.991580                     1.388527                      78.932695                     1.963401                      117.674000                              1867.398000                             
RKF Method          100            0.0900      500            0.0020      20969.887650        1.964481            0.191720                      0.034150                      43.021023                     1.389641                      78.982685                     1.964481                      119.720000                              2127.270000                             
----------
Euler Explicit      100            0.0900      1000           0.0010      inf                 inf                 1206.344213                   20.972300                     7097526140029102239933515696148733571668426807497804439558413201144757166645700799188102310458456181864778165405235895405431735628101024818132788581977640004485120.000000118631992157224409593793062547732058649925052702523148450679995888929866622161963191164260454730046755094844331302412809014605017993012162219464932513146640269312.000000inf                           inf                           119.891000                              1273.956000                             
Euler Implicit      100            0.0900      1000           0.0010      41878.581470        1.963730            0.095820                      0.017170                      42.998433                     1.388942                      78.943612                     1.963730                      120.106000                              1577.012000                             
RKF Method          100            0.0900      1000           0.0010      nan                 inf                 2164.576768                   36.947991                     10690504877531260919193238587678935349342829203000508725107636084041549209515417614043802802200282254823737010464858022361922283929261966663872626582979080079213584460643705861395121749246080536181159353184673748222482463336877088531546112.000000178701859318305104447414674451834911176265521760963934710077787857584367620397697579511040817577215139112051132500074181954042586521259722877375023539126089416186984740932119421532071920194648301039011599065871733219176004825240657985536.000000nan                           0.000000                      119.244000                              1816.960000                             
----------
Euler Explicit      100            0.0900      2000           0.0005      nan                 0.000000            nan                           0.000000                      nan                           0.000000                      nan                           0.000000                      116.557500                              1198.500500                             
Euler Implicit      100            0.0900      2000           0.0005      83724.157678        1.963894            0.047932                      0.008971                      43.001860                     1.389150                      78.949072                     1.963894                      119.455500                              1536.450500                             
RKF Method          100            0.0900      2000           0.0005      nan                 0.000000            nan                           0.000000                      nan                           0.000000                      nan                           0.000000                      123.432000                              1801.141500                             
----------
Euler Explicit      100            0.0900      5000           0.0002      209273.806535       1.964124            0.019182                      0.003775                      43.006660                     1.389441                      78.956718                     1.964124                      116.879600                              1014.816200                             
Euler Implicit      100            0.0900      5000           0.0002      209260.878884       1.963993            0.019178                      0.003696                      43.003917                     1.389275                      78.952349                     1.963993                      124.494200                              1396.522400                             
RKF Method          100            0.0900      5000           0.0002      209274.956516       1.964101            0.019181                      0.003734                      43.006861                     1.389386                      78.957348                     1.964101                      123.080200                              1157.282200                             
----------
Euler Explicit      100            0.0900      10000          0.0001      16426835307968.632812285812474.647901    2.232942                      0.023047                      6040198.747816                62390.154322                  27670592661.724533            285812474.647901              121.449000                              1288.426500                             
Euler Implicit      100            0.0900      10000          0.0001      418488.745087       1.964026            0.009590                      0.001867                      43.004603                     1.389316                      78.953441                     1.964026                      122.004000                              1592.751800                             
RKF Method          100            0.0900      10000          0.0001      16648049464183.923828289905503.546648    2.234815                      0.023066                      6083304.091127                62835.393967                  28066854356.834656            289905503.546648              124.065900                              1438.210100                             
----------
--------------------------------------------------
